0: 0.0
(1, 20): 19.038831169456206
(2, 16): 16.0
(2, 17): 17.0
(2, 18): 18.0
(2, 19): 18.69174599343913
(2, 20): 19.150431346637742
(2, 21): 19.52848756822393
(2, 22): 19.846690900054714
(2, 23): 20.124388418424434
(2, 24): 20.37505311408731
(3, 12): 12.0
(3, 13): 13.0
(3, 14): 14.0
(3, 15): 15.0
(3, 16): 16.0
(3, 17): 17.0
(3, 18): 18.0
(3, 19): 18.774889947402603
(3, 20): 19.268088102604537
(3, 21): 19.680448195753122
(3, 22): 20.031698474893616
(3, 23): 20.34164486777484
(3, 24): 20.6246053010046
(3, 25): 20.888940179627532
(3, 26): 21.13963540014925
(3, 27): 21.380292846054925
(3, 28): 21.61341994099743
(4, 8): 8.0
(4, 9): 9.0
(4, 10): 10.0
(4, 11): 11.0
(4, 12): 12.0
(4, 13): 13.0
(4, 14): 14.0
(4, 15): 15.0
(4, 16): 16.0
(4, 17): 17.0
(4, 18): 18.0
(4, 19): 18.859275112851574
(4, 20): 19.390081122980604
(4, 21): 19.841645337599203
(4, 22): 20.232447843617468
(4, 23): 20.582340087901766
(4, 24): 20.906070108372628
(4, 25): 21.212146140786338
(4, 26): 21.505474108031226
(4, 27): 21.789660376851398
(4, 28): 22.06724507567514
(4, 29): 22.34003902356283
(4, 30): 22.609384249207356
(4, 31): 22.87628829530835
(4, 32): 23.141492124031515
(5, 4): 4.0
(5, 5): 5.0
(5, 6): 6.0
(5, 7): 7.0
(5, 8): 8.0
(5, 9): 9.0
(5, 10): 10.0
(5, 11): 11.0
(5, 12): 12.0
(5, 13): 13.0
(5, 14): 14.0
(5, 15): 15.0
(5, 16): 16.0
(5, 17): 17.0
(5, 18): 18.0
(5, 19): 18.939929899435914
(5, 20): 19.512887675270612
(5, 21): 20.011332060861555
(5, 22): 20.451508415750837
(5, 23): 20.852214607308596
(5, 24): 21.228007937940355
(5, 25): 21.58748536610411
(5, 26): 21.93563895938178
(5, 27): 22.276184058473678
(5, 28): 22.611733533598475
(5, 29): 22.944052444440782
(5, 30): 23.274332358287687
(5, 31): 23.603380957118933
(5, 32): 23.931727650795526
(5, 33): 24.259698838055986
(5, 34): 24.587485962860214
(5, 35): 24.91519539445554
(5, 36): 25.242880000000067
(6, 0): 0.0
(6, 1): 1.0
(6, 2): 2.0
(6, 3): 3.0
(6, 4): 4.0
(6, 5): 5.0
(6, 6): 6.0
(6, 7): 7.0
(6, 8): 8.0
(6, 9): 9.0
(6, 10): 10.0
(6, 11): 11.0
(6, 12): 12.0
(6, 13): 13.0
(6, 14): 14.0
(6, 15): 15.0
(6, 16): 16.0
(6, 17): 17.0
(6, 18): 18.0
(6, 19): 19.0
(6, 20): 19.63308824761905
(6, 21): 20.19064326947022
(6, 22): 20.693982059117456
(6, 23): 21.1593024535356
(6, 24): 21.60112716203831
(6, 25): 22.02910724394587
(6, 26): 22.448722478401187
(6, 27): 22.86338060756564
(6, 28): 23.275342289886368
(6, 29): 23.68593895819517
(6, 30): 24.095894011237565
(6, 31): 24.505586596551314
(6, 32): 24.9152
(6, 33): 25.3248
(6, 34): 25.7344
(6, 35): 26.144000000000016
(6, 36): 26.55360000000009
(6, 37): 26.963200000128513
(6, 38): 27.37280000077124
(6, 39): 27.782400000847257
(6, 40): 28.192000000000107
(7, 0): 0.0
(7, 1): 1.0
(7, 2): 2.0
(7, 3): 3.0
(7, 4): 4.0
(7, 5): 5.0
(7, 6): 6.0
(7, 7): 7.0
(7, 8): 8.0
(7, 9): 9.0
(7, 10): 10.0
(7, 11): 11.0
(7, 12): 12.0
(7, 13): 13.0
(7, 14): 14.0
(7, 15): 15.0
(7, 16): 16.0
(7, 17): 17.0
(7, 18): 18.0
(7, 19): 19.0
(7, 20): 19.76137784710418
(7, 21): 20.38624887464409
(7, 22): 20.96492883787876
(7, 23): 21.51098362182635
(7, 24): 22.038328677899656
(7, 25): 22.556754093888728
(7, 26): 23.071215952780143
(7, 27): 23.583897008131846
(7, 28): 24.095999999999997
(7, 29): 24.607999999999997
(7, 30): 25.12
(7, 31): 25.631999999999998
(7, 32): 26.144
(7, 33): 26.656
(7, 34): 27.168
(7, 35): 27.680000000000017
(7, 36): 28.192000000000107
(7, 37): 28.704000000160633
(7, 38): 29.216000000964023
(7, 39): 29.728000001059016
(7, 40): 30.24
(7, 41): 30.88000000020023
(7, 42): 31.520000001203123
(7, 43): 32.16000000131882
(7, 44): 32.800000000000004
(8, 0): 0.0
(8, 1): 1.0
(8, 2): 2.0
(8, 3): 3.0
(8, 4): 4.0
(8, 5): 5.0
(8, 6): 6.0
(8, 7): 7.0
(8, 8): 8.0
(8, 9): 9.0
(8, 10): 10.0
(8, 11): 11.0
(8, 12): 12.0
(8, 13): 13.0
(8, 14): 14.0
(8, 15): 15.0
(8, 16): 16.0
(8, 17): 17.0
(8, 18): 18.0
(8, 19): 19.0
(8, 20): 19.890624999999996
(8, 21): 20.593371476879426
(8, 22): 21.265689108796874
(8, 23): 21.91761013838864
(8, 24): 22.56
(8, 25): 23.2
(8, 26): 23.84
(8, 27): 24.48
(8, 28): 25.12
(8, 29): 25.76
(8, 30): 26.4
(8, 31): 27.039999999999996
(8, 32): 27.68
(8, 33): 28.32
(8, 34): 28.959999999999994
(8, 35): 29.59999999999999
(8, 36): 30.24
(8, 37): 30.88000000020023
(8, 38): 31.520000001203123
(8, 39): 32.16000000131882
(8, 40): 32.800000000000004
(8, 41): 33.599999999999994
(8, 42): 34.39999999999999
(8, 43): 35.19999999999999
(8, 44): 36.0
(8, 45): 37.0
(8, 46): 38.0
(8, 47): 39.0
(8, 48): 40.0
(9, 0): 0.0
(9, 1): 1.0
(9, 2): 2.0
(9, 3): 3.0
(9, 4): 4.0
(9, 5): 5.0
(9, 6): 6.0
(9, 7): 7.0
(9, 8): 8.0
(9, 9): 9.0
(9, 10): 10.0
(9, 11): 11.0
(9, 12): 12.0
(9, 13): 13.0
(9, 14): 14.0
(9, 15): 15.0
(9, 16): 16.0
(9, 17): 17.0
(9, 18): 18.0
(9, 19): 19.0
(9, 20): 20.0
(9, 21): 20.799999999999997
(9, 22): 21.6
(9, 23): 22.400000000000002
(9, 24): 23.2
(9, 25): 24.0
(9, 26): 24.8
(9, 27): 25.6
(9, 28): 26.4
(9, 29): 27.199999999999996
(9, 30): 28.0
(9, 31): 28.799999999999994
(9, 32): 29.599999999999998
(9, 33): 30.4
(9, 34): 31.2
(9, 35): 32.0
(9, 36): 32.800000000000004
(9, 37): 33.599999999999994
(9, 38): 34.39999999999999
(9, 39): 35.19999999999999
(9, 40): 36.0
(9, 41): 37.0
(9, 42): 38.0
(9, 43): 39.0
(9, 44): 40.0
(9, 45): 41.0
(9, 46): 42.0
(9, 47): 43.0
(9, 48): 44.0
(9, 49): 45.0
(9, 50): 46.0
(9, 51): 47.0
(9, 52): 48.0
(10, 0): 0.0
(10, 1): 1.0
(10, 2): 2.0
(10, 3): 3.0
(10, 4): 4.0
(10, 5): 5.0
(10, 6): 6.0
(10, 7): 7.0
(10, 8): 8.0
(10, 9): 9.0
(10, 10): 10.0
(10, 11): 11.0
(10, 12): 12.0
(10, 13): 13.0
(10, 14): 14.0
(10, 15): 15.0
(10, 16): 16.0
(10, 17): 17.0
(10, 18): 18.0
(10, 19): 19.0
(10, 20): 20.0
(10, 21): 21.0
(10, 22): 22.0
(10, 23): 23.0
(10, 24): 24.0
(10, 25): 25.0
(10, 26): 26.0
(10, 27): 27.0
(10, 28): 28.0
(10, 29): 29.0
(10, 30): 30.0
(10, 31): 31.0
(10, 32): 32.0
(10, 33): 33.0
(10, 34): 34.0
(10, 35): 35.0
(10, 36): 36.0
(10, 37): 37.0
(10, 38): 38.0
(10, 39): 39.0
(10, 40): 40.0
(10, 41): 41.0
(10, 42): 42.0
(10, 43): 43.0
(10, 44): 44.0
(10, 45): 45.0
(10, 46): 46.0
(10, 47): 47.0
(10, 48): 48.0
(10, 49): 49.0
(10, 50): 50.0
(10, 51): 51.0
(10, 52): 52.0
(10, 53): 53.0
(10, 54): 54.0
(10, 55): 55.0
(10, 56): 56.0
