0: 0.0
(1, 25): 23.927181504203126
(2, 20): 20.0
(2, 21): 21.0
(2, 22): 22.0
(2, 23): 23.0
(2, 24): 23.596619861856652
(2, 25): 24.04858882271966
(2, 26): 24.42865623062318
(2, 27): 24.754112451601262
(2, 28): 25.040903073889258
(2, 29): 25.300656357359955
(2, 30): 25.540801467116985
(3, 15): 15.0
(3, 16): 16.0
(3, 17): 17.0
(3, 18): 18.0
(3, 19): 19.0
(3, 20): 20.0
(3, 21): 21.0
(3, 22): 22.0
(3, 23): 23.0
(3, 24): 23.69032815390729
(3, 25): 24.17810153651676
(3, 26): 24.593819210073903
(3, 27): 24.95348388819772
(3, 28): 25.273184201909636
(3, 29): 25.565313181010673
(3, 30): 25.837933346886484
(3, 31): 26.096110754184636
(3, 32): 26.34335178086971
(3, 33): 26.5822532313991
(3, 34): 26.81470985176349
(3, 35): 27.04212633250859
(4, 10): 10.0
(4, 11): 11.0
(4, 12): 12.0
(4, 13): 13.0
(4, 14): 14.0
(4, 15): 15.0
(4, 16): 16.0
(4, 17): 17.0
(4, 18): 18.0
(4, 19): 19.0
(4, 20): 20.0
(4, 21): 21.0
(4, 22): 22.0
(4, 23): 23.0
(4, 24): 23.78766363493373
(4, 25): 24.314399193693063
(4, 26): 24.770228819940822
(4, 27): 25.16983606271826
(4, 28): 25.52930297599183
(4, 29): 25.861582882679592
(4, 30): 26.175170786236436
(4, 31): 26.47524744643916
(4, 32): 26.765300346084473
(4, 33): 27.04792196354536
(4, 34): 27.325001137974976
(4, 35): 27.597930661542552
(4, 36): 27.8677634372824
(4, 37): 28.135306312997017
(4, 38): 28.401175057240266
(4, 39): 28.665835155971664
(4, 40): 28.929636529060257
(5, 5): 5.0
(5, 6): 6.0
(5, 7): 7.0
(5, 8): 8.0
(5, 9): 9.0
(5, 10): 10.0
(5, 11): 11.0
(5, 12): 12.0
(5, 13): 13.0
(5, 14): 14.0
(5, 15): 15.0
(5, 16): 16.0
(5, 17): 17.0
(5, 18): 18.0
(5, 19): 19.0
(5, 20): 20.0
(5, 21): 21.0
(5, 22): 22.0
(5, 23): 23.0
(5, 24): 23.88495286996861
(5, 25): 24.454446347853775
(5, 26): 24.956614031986547
(5, 27): 25.404534677027442
(5, 28): 25.813710137323074
(5, 29): 26.19708885327246
(5, 30): 26.56323931640879
(5, 31): 26.917322842912768
(5, 32): 27.26279968001217
(5, 33): 27.602273981509274
(5, 34): 27.93761638692513
(5, 35): 28.270146395638978
(5, 36): 28.600796053835396
(5, 37): 28.930223647938558
(5, 38): 29.25888542174601
(5, 39): 29.587086528098112
(5, 40): 29.91502339512286
(5, 41): 30.242817895511685
(5, 42): 30.57054225607966
(5, 43): 30.898236310139794
(5, 44): 31.225919577164152
(5, 45): 31.553600000000007
(6, 0): 0.0
(6, 1): 1.0
(6, 2): 2.0
(6, 3): 3.0
(6, 4): 4.0
(6, 5): 5.0
(6, 6): 6.0
(6, 7): 7.0
(6, 8): 8.0
(6, 9): 9.0
(6, 10): 10.0
(6, 11): 11.0
(6, 12): 12.0
(6, 13): 13.0
(6, 14): 14.0
(6, 15): 15.0
(6, 16): 16.0
(6, 17): 17.0
(6, 18): 18.0
(6, 19): 19.0
(6, 20): 20.0
(6, 21): 21.0
(6, 22): 22.0
(6, 23): 23.0
(6, 24): 23.972560147979465
(6, 25): 24.591869128192602
(6, 26): 25.15141138094307
(6, 27): 25.660884953074227
(6, 28): 26.13377243024853
(6, 29): 26.58257897083096
(6, 30): 27.01627538559394
(6, 31): 27.440388924723955
(6, 32): 27.85835561610208
(6, 33): 28.27253025557017
(6, 34): 28.68449611663867
(6, 35): 29.095238497009234
(6, 36): 29.50533875760889
(6, 37): 29.91512807887133
(6, 38): 30.32478579813269
(6, 39): 30.73439848174372
(6, 40): 31.144000000000002
(6, 41): 31.5536
(6, 42): 31.963200000000004
(6, 43): 32.37280000000001
(6, 44): 32.7824
(6, 45): 33.19199999999999
(6, 46): 33.60160000000137
(6, 47): 34.01120000001228
(6, 48): 34.42080000003545
(6, 49): 34.83040000001883
(6, 50): 35.24
(7, 0): 0.0
(7, 1): 1.0
(7, 2): 2.0
(7, 3): 3.0
(7, 4): 4.0
(7, 5): 5.0
(7, 6): 6.0
(7, 7): 7.0
(7, 8): 8.0
(7, 9): 9.0
(7, 10): 10.0
(7, 11): 11.0
(7, 12): 12.0
(7, 13): 13.0
(7, 14): 14.0
(7, 15): 15.0
(7, 16): 16.0
(7, 17): 17.0
(7, 18): 18.0
(7, 19): 19.0
(7, 20): 20.0
(7, 21): 21.0
(7, 22): 22.0
(7, 23): 23.0
(7, 24): 24.0
(7, 25): 24.73333789867362
(7, 26): 25.360258569932018
(7, 27): 25.944719805593042
(7, 28): 26.497628760175807
(7, 29): 27.030616182207584
(7, 30): 27.552704416598026
(7, 31): 28.069316934618
(7, 32): 28.58321462596603
(7, 33): 29.095836610038468
(7, 34): 29.607981786263117
(7, 35): 30.12
(7, 36): 30.631999999999998
(7, 37): 31.144
(7, 38): 31.656000000000006
(7, 39): 32.168000000000006
(7, 40): 32.68000000000001
(7, 41): 33.192
(7, 42): 33.70400000000001
(7, 43): 34.215999999999994
(7, 44): 34.727999999999994
(7, 45): 35.24
(7, 46): 35.752000000001715
(7, 47): 36.26400000001535
(7, 48): 36.77600000004431
(7, 49): 37.28800000002352
(7, 50): 37.8
(7, 51): 38.440000000002144
(7, 52): 39.08000000001918
(7, 53): 39.72000000005537
(7, 54): 40.360000000029345
(7, 55): 40.99999999999999
(8, 0): 0.0
(8, 1): 1.0
(8, 2): 2.0
(8, 3): 3.0
(8, 4): 4.0
(8, 5): 5.0
(8, 6): 6.0
(8, 7): 7.0
(8, 8): 8.0
(8, 9): 9.0
(8, 10): 10.0
(8, 11): 11.0
(8, 12): 12.0
(8, 13): 13.0
(8, 14): 14.0
(8, 15): 15.0
(8, 16): 16.0
(8, 17): 17.0
(8, 18): 18.0
(8, 19): 19.0
(8, 20): 20.0
(8, 21): 21.0
(8, 22): 22.0
(8, 23): 23.0
(8, 24): 24.0
(8, 25): 24.876953125
(8, 26): 25.581379450216733
(8, 27): 26.257781896488325
(8, 28): 26.914020548929248
(8, 29): 27.559138391586202
(8, 30): 28.2
(8, 31): 28.839999999999996
(8, 32): 29.480000000000004
(8, 33): 30.12
(8, 34): 30.759999999999998
(8, 35): 31.400000000000002
(8, 36): 32.04
(8, 37): 32.68000000000001
(8, 38): 33.32
(8, 39): 33.959999999999994
(8, 40): 34.6
(8, 41): 35.24
(8, 42): 35.88
(8, 43): 36.519999999999996
(8, 44): 37.160000000000004
(8, 45): 37.8
(8, 46): 38.440000000002144
(8, 47): 39.08000000001918
(8, 48): 39.72000000005537
(8, 49): 40.360000000029345
(8, 50): 40.99999999999999
(8, 51): 41.8
(8, 52): 42.6
(8, 53): 43.39999999999999
(8, 54): 44.199999999999996
(8, 55): 45.0
(8, 56): 46.0
(8, 57): 47.0
(8, 58): 48.0
(8, 59): 49.0
(8, 60): 50.0
(9, 0): 0.0
(9, 1): 1.0
(9, 2): 2.0
(9, 3): 3.0
(9, 4): 4.0
(9, 5): 5.0
(9, 6): 6.0
(9, 7): 7.0
(9, 8): 8.0
(9, 9): 9.0
(9, 10): 10.0
(9, 11): 11.0
(9, 12): 12.0
(9, 13): 13.0
(9, 14): 14.0
(9, 15): 15.0
(9, 16): 16.0
(9, 17): 17.0
(9, 18): 18.0
(9, 19): 19.0
(9, 20): 20.0
(9, 21): 21.0
(9, 22): 22.0
(9, 23): 23.0
(9, 24): 24.0
(9, 25): 25.0
(9, 26): 25.8
(9, 27): 26.599999999999998
(9, 28): 27.4
(9, 29): 28.2
(9, 30): 29.0
(9, 31): 29.8
(9, 32): 30.6
(9, 33): 31.4
(9, 34): 32.2
(9, 35): 33.0
(9, 36): 33.8
(9, 37): 34.599999999999994
(9, 38): 35.400000000000006
(9, 39): 36.2
(9, 40): 37.00000000000001
(9, 41): 37.8
(9, 42): 38.6
(9, 43): 39.400000000000006
(9, 44): 40.199999999999996
(9, 45): 40.99999999999999
(9, 46): 41.8
(9, 47): 42.6
(9, 48): 43.39999999999999
(9, 49): 44.199999999999996
(9, 50): 45.0
(9, 51): 46.0
(9, 52): 47.0
(9, 53): 48.0
(9, 54): 49.0
(9, 55): 50.0
(9, 56): 51.0
(9, 57): 52.0
(9, 58): 53.0
(9, 59): 54.0
(9, 60): 55.0
(9, 61): 56.0
(9, 62): 57.0
(9, 63): 58.0
(9, 64): 59.0
(9, 65): 60.0
(10, 0): 0.0
(10, 1): 1.0
(10, 2): 2.0
(10, 3): 3.0
(10, 4): 4.0
(10, 5): 5.0
(10, 6): 6.0
(10, 7): 7.0
(10, 8): 8.0
(10, 9): 9.0
(10, 10): 10.0
(10, 11): 11.0
(10, 12): 12.0
(10, 13): 13.0
(10, 14): 14.0
(10, 15): 15.0
(10, 16): 16.0
(10, 17): 17.0
(10, 18): 18.0
(10, 19): 19.0
(10, 20): 20.0
(10, 21): 21.0
(10, 22): 22.0
(10, 23): 23.0
(10, 24): 24.0
(10, 25): 25.0
(10, 26): 26.0
(10, 27): 27.0
(10, 28): 28.0
(10, 29): 29.0
(10, 30): 30.0
(10, 31): 31.0
(10, 32): 32.0
(10, 33): 33.0
(10, 34): 34.0
(10, 35): 35.0
(10, 36): 36.0
(10, 37): 37.0
(10, 38): 38.0
(10, 39): 39.0
(10, 40): 40.0
(10, 41): 41.0
(10, 42): 42.0
(10, 43): 43.0
(10, 44): 44.0
(10, 45): 45.0
(10, 46): 46.0
(10, 47): 47.0
(10, 48): 48.0
(10, 49): 49.0
(10, 50): 50.0
(10, 51): 51.0
(10, 52): 52.0
(10, 53): 53.0
(10, 54): 54.0
(10, 55): 55.0
(10, 56): 56.0
(10, 57): 57.0
(10, 58): 58.0
(10, 59): 59.0
(10, 60): 60.0
(10, 61): 61.0
(10, 62): 62.0
(10, 63): 63.0
(10, 64): 64.0
(10, 65): 65.0
(10, 66): 66.0
(10, 67): 67.0
(10, 68): 68.0
(10, 69): 69.0
(10, 70): 70.0
