0: 0.0
(1, 20): 20.0
(2, 16): 16.0
(2, 17): 17.0
(2, 18): 18.0
(2, 19): 19.0
(2, 20): 20.0
(2, 21): 21.0
(2, 22): 22.0
(2, 23): 23.0
(2, 24): 24.0
(3, 12): 12.0
(3, 13): 13.0
(3, 14): 14.0
(3, 15): 15.0
(3, 16): 16.0
(3, 17): 17.0
(3, 18): 18.0
(3, 19): 19.0
(3, 20): 20.0
(3, 21): 21.0
(3, 22): 22.0
(3, 23): 23.0
(3, 24): 24.0
(3, 25): 25.0
(3, 26): 26.0
(3, 27): 27.0
(3, 28): 28.0
(4, 8): 8.0
(4, 9): 9.0
(4, 10): 10.0
(4, 11): 11.0
(4, 12): 12.0
(4, 13): 13.0
(4, 14): 14.0
(4, 15): 15.0
(4, 16): 16.0
(4, 17): 17.0
(4, 18): 18.0
(4, 19): 19.0
(4, 20): 20.0
(4, 21): 21.0
(4, 22): 22.0
(4, 23): 23.0
(4, 24): 24.0
(4, 25): 25.0
(4, 26): 26.0
(4, 27): 27.0
(4, 28): 28.0
(4, 29): 29.0
(4, 30): 30.0
(4, 31): 31.0
(4, 32): 32.0
(5, 4): 4.0
(5, 5): 5.0
(5, 6): 6.0
(5, 7): 7.0
(5, 8): 8.0
(5, 9): 9.0
(5, 10): 10.0
(5, 11): 11.0
(5, 12): 12.0
(5, 13): 13.0
(5, 14): 14.0
(5, 15): 15.0
(5, 16): 16.0
(5, 17): 17.0
(5, 18): 18.0
(5, 19): 19.0
(5, 20): 20.0
(5, 21): 21.0
(5, 22): 22.0
(5, 23): 23.0
(5, 24): 24.0
(5, 25): 25.0
(5, 26): 26.0
(5, 27): 27.0
(5, 28): 28.0
(5, 29): 29.0
(5, 30): 30.0
(5, 31): 31.0
(5, 32): 32.0
(5, 33): 33.0
(5, 34): 34.0
(5, 35): 35.0
(5, 36): 36.0
(6, 0): 0.0
(6, 1): 1.0
(6, 2): 2.0
(6, 3): 3.0
(6, 4): 4.0
(6, 5): 5.0
(6, 6): 6.0
(6, 7): 7.0
(6, 8): 8.0
(6, 9): 9.0
(6, 10): 10.0
(6, 11): 11.0
(6, 12): 12.0
(6, 13): 13.0
(6, 14): 14.0
(6, 15): 15.0
(6, 16): 16.0
(6, 17): 17.0
(6, 18): 18.0
(6, 19): 19.0
(6, 20): 20.0
(6, 21): 21.0
(6, 22): 22.0
(6, 23): 23.0
(6, 24): 24.0
(6, 25): 25.0
(6, 26): 26.0
(6, 27): 27.0
(6, 28): 28.0
(6, 29): 29.0
(6, 30): 30.0
(6, 31): 31.0
(6, 32): 32.0
(6, 33): 33.0
(6, 34): 34.0
(6, 35): 35.0
(6, 36): 36.0
(6, 37): 37.0
(6, 38): 38.0
(6, 39): 39.0
(6, 40): 40.0
(7, 0): 0.0
(7, 1): 1.0
(7, 2): 2.0
(7, 3): 3.0
(7, 4): 4.0
(7, 5): 5.0
(7, 6): 6.0
(7, 7): 7.0
(7, 8): 8.0
(7, 9): 9.0
(7, 10): 10.0
(7, 11): 11.0
(7, 12): 12.0
(7, 13): 13.0
(7, 14): 14.0
(7, 15): 15.0
(7, 16): 16.0
(7, 17): 17.0
(7, 18): 18.0
(7, 19): 19.0
(7, 20): 20.0
(7, 21): 21.0
(7, 22): 22.0
(7, 23): 23.0
(7, 24): 24.0
(7, 25): 25.0
(7, 26): 26.0
(7, 27): 27.0
(7, 28): 28.0
(7, 29): 29.0
(7, 30): 30.0
(7, 31): 31.0
(7, 32): 32.0
(7, 33): 33.0
(7, 34): 34.0
(7, 35): 35.0
(7, 36): 36.0
(7, 37): 37.0
(7, 38): 38.0
(7, 39): 39.0
(7, 40): 40.0
(7, 41): 41.0
(7, 42): 42.0
(7, 43): 43.0
(7, 44): 44.0
