0: 0.0
(1, 20): 20.0
(2, 16): 16.0
(2, 17): 17.0
(2, 18): 18.0
(2, 19): 19.0
(2, 20): 20.0
(2, 21): 21.0
(2, 22): 22.0
(2, 23): 23.0
(2, 24): 24.0
(3, 12): 12.0
(3, 13): 13.0
(3, 14): 14.0
(3, 15): 15.0
(3, 16): 16.0
(3, 17): 17.0
(3, 18): 18.0
(3, 19): 19.0
(3, 20): 20.0
(3, 21): 21.0
(3, 22): 22.0
(3, 23): 23.0
(3, 24): 24.0
(3, 25): 25.0
(3, 26): 26.0
(3, 27): 27.0
(3, 28): 28.0
(4, 8): 8.0
(4, 9): 9.0
(4, 10): 10.0
(4, 11): 11.0
(4, 12): 12.0
(4, 13): 13.0
(4, 14): 14.0
(4, 15): 15.0
(4, 16): 16.0
(4, 17): 17.0
(4, 18): 18.0
(4, 19): 19.0
(4, 20): 20.0
(4, 21): 21.0
(4, 22): 22.0
(4, 23): 23.0
(4, 24): 24.0
(4, 25): 25.0
(4, 26): 26.0
(4, 27): 27.0
(4, 28): 28.0
(4, 29): 29.0
(4, 30): 30.0
(4, 31): 31.0
(4, 32): 32.0
(5, 4): 4.0
(5, 5): 5.0
(5, 6): 6.0
(5, 7): 7.0
(5, 8): 8.0
(5, 9): 9.0
(5, 10): 10.0
(5, 11): 11.0
(5, 12): 12.0
(5, 13): 13.0
(5, 14): 14.0
(5, 15): 15.0
(5, 16): 16.0
(5, 17): 17.0
(5, 18): 18.0
(5, 19): 19.0
(5, 20): 20.0
(5, 21): 21.0
(5, 22): 22.0
(5, 23): 23.0
(5, 24): 24.0
(5, 25): 25.0
(5, 26): 26.0
(5, 27): 27.0
(5, 28): 28.0
(5, 29): 29.0
(5, 30): 30.0
(5, 31): 31.0
(5, 32): 32.0
(5, 33): 33.0
(5, 34): 34.0
(5, 35): 35.0
(5, 36): 36.0
(6, 0): 0.0
(6, 1): 1.0
(6, 2): 2.0
(6, 3): 3.0
(6, 4): 4.0
(6, 5): 5.0
(6, 6): 6.0
(6, 7): 7.0
(6, 8): 8.0
(6, 9): 9.0
(6, 10): 10.0
(6, 11): 11.0
(6, 12): 12.0
(6, 13): 13.0
(6, 14): 14.0
(6, 15): 15.0
(6, 16): 16.0
(6, 17): 17.0
(6, 18): 18.0
(6, 19): 19.0
(6, 20): 20.0
(6, 21): 21.0
(6, 22): 22.0
(6, 23): 23.0
(6, 24): 24.0
(6, 25): 25.0
(6, 26): 26.0
(6, 27): 27.0
(6, 28): 28.0
(6, 29): 29.0
(6, 30): 30.0
(6, 31): 31.0
(6, 32): 32.0
(6, 33): 33.0
(6, 34): 34.0
(6, 35): 35.0
(6, 36): 36.0
(6, 37): 37.0
(6, 38): 38.0
(6, 39): 39.0
(6, 40): 40.0
(7, 0): 0.0
(7, 1): 1.0
(7, 2): 2.0
(7, 3): 3.0
(7, 4): 4.0
(7, 5): 5.0
(7, 6): 6.0
(7, 7): 7.0
(7, 8): 8.0
(7, 9): 9.0
(7, 10): 10.0
(7, 11): 11.0
(7, 12): 12.0
(7, 13): 13.0
(7, 14): 14.0
(7, 15): 15.0
(7, 16): 16.0
(7, 17): 17.0
(7, 18): 18.0
(7, 19): 19.0
(7, 20): 20.0
(7, 21): 21.0
(7, 22): 22.0
(7, 23): 23.0
(7, 24): 24.0
(7, 25): 25.0
(7, 26): 26.0
(7, 27): 27.0
(7, 28): 28.0
(7, 29): 29.0
(7, 30): 30.0
(7, 31): 31.0
(7, 32): 32.0
(7, 33): 33.0
(7, 34): 34.0
(7, 35): 35.0
(7, 36): 36.0
(7, 37): 37.0
(7, 38): 38.0
(7, 39): 39.0
(7, 40): 40.0
(7, 41): 41.0
(7, 42): 42.0
(7, 43): 43.0
(7, 44): 44.0
(8, 0): 0.0
(8, 1): 1.0
(8, 2): 2.0
(8, 3): 3.0
(8, 4): 4.0
(8, 5): 5.0
(8, 6): 6.0
(8, 7): 7.0
(8, 8): 8.0
(8, 9): 9.0
(8, 10): 10.0
(8, 11): 11.0
(8, 12): 12.0
(8, 13): 13.0
(8, 14): 14.0
(8, 15): 15.0
(8, 16): 16.0
(8, 17): 17.0
(8, 18): 18.0
(8, 19): 19.0
(8, 20): 20.0
(8, 21): 21.0
(8, 22): 22.0
(8, 23): 23.0
(8, 24): 24.0
(8, 25): 25.0
(8, 26): 26.0
(8, 27): 27.0
(8, 28): 28.0
(8, 29): 29.0
(8, 30): 30.0
(8, 31): 31.0
(8, 32): 32.0
(8, 33): 33.0
(8, 34): 34.0
(8, 35): 35.0
(8, 36): 36.0
(8, 37): 37.0
(8, 38): 38.0
(8, 39): 39.0
(8, 40): 40.0
(8, 41): 41.0
(8, 42): 42.0
(8, 43): 43.0
(8, 44): 44.0
(8, 45): 45.0
(8, 46): 46.0
(8, 47): 47.0
(8, 48): 48.0
(9, 0): 0.0
(9, 1): 1.0
(9, 2): 2.0
(9, 3): 3.0
(9, 4): 4.0
(9, 5): 5.0
(9, 6): 6.0
(9, 7): 7.0
(9, 8): 8.0
(9, 9): 9.0
(9, 10): 10.0
(9, 11): 11.0
(9, 12): 12.0
(9, 13): 13.0
(9, 14): 14.0
(9, 15): 15.0
(9, 16): 16.0
(9, 17): 17.0
(9, 18): 18.0
(9, 19): 19.0
(9, 20): 20.0
(9, 21): 21.0
(9, 22): 22.0
(9, 23): 23.0
(9, 24): 24.0
(9, 25): 25.0
(9, 26): 26.0
(9, 27): 27.0
(9, 28): 28.0
(9, 29): 29.0
(9, 30): 30.0
(9, 31): 31.0
(9, 32): 32.0
(9, 33): 33.0
(9, 34): 34.0
(9, 35): 35.0
(9, 36): 36.0
(9, 37): 37.0
(9, 38): 38.0
(9, 39): 39.0
(9, 40): 40.0
(9, 41): 41.0
(9, 42): 42.0
(9, 43): 43.0
(9, 44): 44.0
(9, 45): 45.0
(9, 46): 46.0
(9, 47): 47.0
(9, 48): 48.0
(9, 49): 49.0
(9, 50): 50.0
(9, 51): 51.0
(9, 52): 52.0
(10, 0): 0.0
(10, 1): 1.0
(10, 2): 2.0
(10, 3): 3.0
(10, 4): 4.0
(10, 5): 5.0
(10, 6): 6.0
(10, 7): 7.0
(10, 8): 8.0
(10, 9): 9.0
(10, 10): 10.0
(10, 11): 11.0
(10, 12): 12.0
(10, 13): 13.0
(10, 14): 14.0
(10, 15): 15.0
(10, 16): 16.0
(10, 17): 17.0
(10, 18): 18.0
(10, 19): 19.0
(10, 20): 20.0
(10, 21): 21.0
(10, 22): 22.0
(10, 23): 23.0
(10, 24): 24.0
(10, 25): 25.0
(10, 26): 26.0
(10, 27): 27.0
(10, 28): 28.0
(10, 29): 29.0
(10, 30): 30.0
(10, 31): 31.0
(10, 32): 32.0
(10, 33): 33.0
(10, 34): 34.0
(10, 35): 35.0
(10, 36): 36.0
(10, 37): 37.0
(10, 38): 38.0
(10, 39): 39.0
(10, 40): 40.0
(10, 41): 41.0
(10, 42): 42.0
(10, 43): 43.0
(10, 44): 44.0
(10, 45): 45.0
(10, 46): 46.0
(10, 47): 47.0
(10, 48): 48.0
(10, 49): 49.0
(10, 50): 50.0
(10, 51): 51.0
(10, 52): 52.0
(10, 53): 53.0
(10, 54): 54.0
(10, 55): 55.0
(10, 56): 56.0
