0: 0.0
(1, 25): 25.0
(2, 22): 22.0
(2, 23): 23.0
(2, 24): 24.0
(2, 25): 25.0
(2, 26): 26.0
(2, 27): 27.0
(2, 28): 28.0
(3, 19): 19.0
(3, 20): 20.0
(3, 21): 21.0
(3, 22): 22.0
(3, 23): 23.0
(3, 24): 24.0
(3, 25): 25.0
(3, 26): 26.0
(3, 27): 27.0
(3, 28): 28.0
(3, 29): 29.0
(3, 30): 30.0
(3, 31): 31.0
(4, 16): 16.0
(4, 17): 17.0
(4, 18): 18.0
(4, 19): 19.0
(4, 20): 20.0
(4, 21): 21.0
(4, 22): 22.0
(4, 23): 23.0
(4, 24): 24.0
(4, 25): 25.0
(4, 26): 26.0
(4, 27): 27.0
(4, 28): 28.0
(4, 29): 29.0
(4, 30): 30.0
(4, 31): 31.0
(4, 32): 32.0
(4, 33): 33.0
(4, 34): 34.0
(5, 13): 13.0
(5, 14): 14.0
(5, 15): 15.0
(5, 16): 16.0
(5, 17): 17.0
(5, 18): 18.0
(5, 19): 19.0
(5, 20): 20.0
(5, 21): 21.0
(5, 22): 22.0
(5, 23): 23.0
(5, 24): 24.0
(5, 25): 25.0
(5, 26): 26.0
(5, 27): 27.0
(5, 28): 28.0
(5, 29): 29.0
(5, 30): 30.0
(5, 31): 31.0
(5, 32): 32.0
(5, 33): 33.0
(5, 34): 34.0
(5, 35): 35.0
(5, 36): 36.0
(5, 37): 37.0
(6, 10): 10.0
(6, 11): 11.0
(6, 12): 12.0
(6, 13): 13.0
(6, 14): 14.0
(6, 15): 15.0
(6, 16): 16.0
(6, 17): 17.0
(6, 18): 18.0
(6, 19): 19.0
(6, 20): 20.0
(6, 21): 21.0
(6, 22): 22.0
(6, 23): 23.0
(6, 24): 24.0
(6, 25): 25.0
(6, 26): 26.0
(6, 27): 27.0
(6, 28): 28.0
(6, 29): 29.0
(6, 30): 30.0
(6, 31): 31.0
(6, 32): 32.0
(6, 33): 33.0
(6, 34): 34.0
(6, 35): 35.0
(6, 36): 36.0
(6, 37): 37.0
(6, 38): 38.0
(6, 39): 39.0
(6, 40): 40.0
(7, 7): 7.0
(7, 8): 8.0
(7, 9): 9.0
(7, 10): 10.0
(7, 11): 11.0
(7, 12): 12.0
(7, 13): 13.0
(7, 14): 14.0
(7, 15): 15.0
(7, 16): 16.0
(7, 17): 17.0
(7, 18): 18.0
(7, 19): 19.0
(7, 20): 20.0
(7, 21): 21.0
(7, 22): 22.0
(7, 23): 23.0
(7, 24): 24.0
(7, 25): 25.0
(7, 26): 26.0
(7, 27): 27.0
(7, 28): 28.0
(7, 29): 29.0
(7, 30): 30.0
(7, 31): 31.0
(7, 32): 32.0
(7, 33): 33.0
(7, 34): 34.0
(7, 35): 35.0
(7, 36): 36.0
(7, 37): 37.0
(7, 38): 38.0
(7, 39): 39.0
(7, 40): 40.0
(7, 41): 41.0
(7, 42): 42.0
(7, 43): 43.0
(8, 4): 4.0
(8, 5): 5.0
(8, 6): 6.0
(8, 7): 7.0
(8, 8): 8.0
(8, 9): 9.0
(8, 10): 10.0
(8, 11): 11.0
(8, 12): 12.0
(8, 13): 13.0
(8, 14): 14.0
(8, 15): 15.0
(8, 16): 16.0
(8, 17): 17.0
(8, 18): 18.0
(8, 19): 19.0
(8, 20): 20.0
(8, 21): 21.0
(8, 22): 22.0
(8, 23): 23.0
(8, 24): 24.0
(8, 25): 25.0
(8, 26): 26.0
(8, 27): 27.0
(8, 28): 28.0
(8, 29): 29.0
(8, 30): 30.0
(8, 31): 31.0
(8, 32): 32.0
(8, 33): 33.0
(8, 34): 34.0
(8, 35): 35.0
(8, 36): 36.0
(8, 37): 37.0
(8, 38): 38.0
(8, 39): 39.0
(8, 40): 40.0
(8, 41): 41.0
(8, 42): 42.0
(8, 43): 43.0
(8, 44): 44.0
(8, 45): 45.0
(8, 46): 46.0
(9, 1): 1.0
(9, 2): 2.0
(9, 3): 3.0
(9, 4): 4.0
(9, 5): 5.0
(9, 6): 6.0
(9, 7): 7.0
(9, 8): 8.0
(9, 9): 9.0
(9, 10): 10.0
(9, 11): 11.0
(9, 12): 12.0
(9, 13): 13.0
(9, 14): 14.0
(9, 15): 15.0
(9, 16): 16.0
(9, 17): 17.0
(9, 18): 18.0
(9, 19): 19.0
(9, 20): 20.0
(9, 21): 21.0
(9, 22): 22.0
(9, 23): 23.0
(9, 24): 24.0
(9, 25): 25.0
(9, 26): 26.0
(9, 27): 27.0
(9, 28): 28.0
(9, 29): 29.0
(9, 30): 30.0
(9, 31): 31.0
(9, 32): 32.0
(9, 33): 33.0
(9, 34): 34.0
(9, 35): 35.0
(9, 36): 36.0
(9, 37): 37.0
(9, 38): 38.0
(9, 39): 39.0
(9, 40): 40.0
(9, 41): 41.0
(9, 42): 42.0
(9, 43): 43.0
(9, 44): 44.0
(9, 45): 45.0
(9, 46): 46.0
(9, 47): 47.0
(9, 48): 48.0
(9, 49): 49.0
(10, 0): 0.0
(10, 1): 1.0
(10, 2): 2.0
(10, 3): 3.0
(10, 4): 4.0
(10, 5): 5.0
(10, 6): 6.0
(10, 7): 7.0
(10, 8): 8.0
(10, 9): 9.0
(10, 10): 10.0
(10, 11): 11.0
(10, 12): 12.0
(10, 13): 13.0
(10, 14): 14.0
(10, 15): 15.0
(10, 16): 16.0
(10, 17): 17.0
(10, 18): 18.0
(10, 19): 19.0
(10, 20): 20.0
(10, 21): 21.0
(10, 22): 22.0
(10, 23): 23.0
(10, 24): 24.0
(10, 25): 25.0
(10, 26): 26.0
(10, 27): 27.0
(10, 28): 28.0
(10, 29): 29.0
(10, 30): 30.0
(10, 31): 31.0
(10, 32): 32.0
(10, 33): 33.0
(10, 34): 34.0
(10, 35): 35.0
(10, 36): 36.0
(10, 37): 37.0
(10, 38): 38.0
(10, 39): 39.0
(10, 40): 40.0
(10, 41): 41.0
(10, 42): 42.0
(10, 43): 43.0
(10, 44): 44.0
(10, 45): 45.0
(10, 46): 46.0
(10, 47): 47.0
(10, 48): 48.0
(10, 49): 49.0
(10, 50): 50.0
(10, 51): 51.0
(10, 52): 52.0
(11, 0): 0.0
(11, 1): 1.0
(11, 2): 2.0
(11, 3): 3.0
(11, 4): 4.0
(11, 5): 5.0
(11, 6): 6.0
(11, 7): 7.0
(11, 8): 8.0
(11, 9): 9.0
(11, 10): 10.0
(11, 11): 11.0
(11, 12): 12.0
(11, 13): 13.0
(11, 14): 14.0
(11, 15): 15.0
(11, 16): 16.0
(11, 17): 17.0
(11, 18): 18.0
(11, 19): 19.0
(11, 20): 20.0
(11, 21): 21.0
(11, 22): 22.0
(11, 23): 23.0
(11, 24): 24.0
(11, 25): 25.0
(11, 26): 26.0
(11, 27): 27.0
(11, 28): 28.0
(11, 29): 29.0
(11, 30): 30.0
(11, 31): 31.0
(11, 32): 32.0
(11, 33): 33.0
(11, 34): 34.0
(11, 35): 35.0
(11, 36): 36.0
(11, 37): 37.0
(11, 38): 38.0
(11, 39): 39.0
(11, 40): 40.0
(11, 41): 41.0
(11, 42): 42.0
(11, 43): 43.0
(11, 44): 44.0
(11, 45): 45.0
(11, 46): 46.0
(11, 47): 47.0
(11, 48): 48.0
(11, 49): 49.0
(11, 50): 50.0
(11, 51): 51.0
(11, 52): 52.0
(11, 53): 53.0
(11, 54): 54.0
(11, 55): 55.0
(12, 0): 0.0
(12, 1): 1.0
(12, 2): 2.0
(12, 3): 3.0
(12, 4): 4.0
(12, 5): 5.0
(12, 6): 6.0
(12, 7): 7.0
(12, 8): 8.0
(12, 9): 9.0
(12, 10): 10.0
(12, 11): 11.0
(12, 12): 12.0
(12, 13): 13.0
(12, 14): 14.0
(12, 15): 15.0
(12, 16): 16.0
(12, 17): 17.0
(12, 18): 18.0
(12, 19): 19.0
(12, 20): 20.0
(12, 21): 21.0
(12, 22): 22.0
(12, 23): 23.0
(12, 24): 24.0
(12, 25): 25.0
(12, 26): 26.0
(12, 27): 27.0
(12, 28): 28.0
(12, 29): 29.0
(12, 30): 30.0
(12, 31): 31.0
(12, 32): 32.0
(12, 33): 33.0
(12, 34): 34.0
(12, 35): 35.0
(12, 36): 36.0
(12, 37): 37.0
(12, 38): 38.0
(12, 39): 39.0
(12, 40): 40.0
(12, 41): 41.0
(12, 42): 42.0
(12, 43): 43.0
(12, 44): 44.0
(12, 45): 45.0
(12, 46): 46.0
(12, 47): 47.0
(12, 48): 48.0
(12, 49): 49.0
(12, 50): 50.0
(12, 51): 51.0
(12, 52): 52.0
(12, 53): 53.0
(12, 54): 54.0
(12, 55): 55.0
(12, 56): 56.0
(12, 57): 57.0
(12, 58): 58.0
(13, 0): 0.0
(13, 1): 1.0
(13, 2): 2.0
(13, 3): 3.0
(13, 4): 4.0
(13, 5): 5.0
(13, 6): 6.0
(13, 7): 7.0
(13, 8): 8.0
(13, 9): 9.0
(13, 10): 10.0
(13, 11): 11.0
(13, 12): 12.0
(13, 13): 13.0
(13, 14): 14.0
(13, 15): 15.0
(13, 16): 16.0
(13, 17): 17.0
(13, 18): 18.0
(13, 19): 19.0
(13, 20): 20.0
(13, 21): 21.0
(13, 22): 22.0
(13, 23): 23.0
(13, 24): 24.0
(13, 25): 25.0
(13, 26): 26.0
(13, 27): 27.0
(13, 28): 28.0
(13, 29): 29.0
(13, 30): 30.0
(13, 31): 31.0
(13, 32): 32.0
(13, 33): 33.0
(13, 34): 34.0
(13, 35): 35.0
(13, 36): 36.0
(13, 37): 37.0
(13, 38): 38.0
(13, 39): 39.0
(13, 40): 40.0
(13, 41): 41.0
(13, 42): 42.0
(13, 43): 43.0
(13, 44): 44.0
(13, 45): 45.0
(13, 46): 46.0
(13, 47): 47.0
(13, 48): 48.0
(13, 49): 49.0
(13, 50): 50.0
(13, 51): 51.0
(13, 52): 52.0
(13, 53): 53.0
(13, 54): 54.0
(13, 55): 55.0
(13, 56): 56.0
(13, 57): 57.0
(13, 58): 58.0
(13, 59): 59.0
(13, 60): 60.0
(13, 61): 61.0
(14, 0): 0.0
(14, 1): 1.0
(14, 2): 2.0
(14, 3): 3.0
(14, 4): 4.0
(14, 5): 5.0
(14, 6): 6.0
(14, 7): 7.0
(14, 8): 8.0
(14, 9): 9.0
(14, 10): 10.0
(14, 11): 11.0
(14, 12): 12.0
(14, 13): 13.0
(14, 14): 14.0
(14, 15): 15.0
(14, 16): 16.0
(14, 17): 17.0
(14, 18): 18.0
(14, 19): 19.0
(14, 20): 20.0
(14, 21): 21.0
(14, 22): 22.0
(14, 23): 23.0
(14, 24): 24.0
(14, 25): 25.0
(14, 26): 26.0
(14, 27): 27.0
(14, 28): 28.0
(14, 29): 29.0
(14, 30): 30.0
(14, 31): 31.0
(14, 32): 32.0
(14, 33): 33.0
(14, 34): 34.0
(14, 35): 35.0
(14, 36): 36.0
(14, 37): 37.0
(14, 38): 38.0
(14, 39): 39.0
(14, 40): 40.0
(14, 41): 41.0
(14, 42): 42.0
(14, 43): 43.0
(14, 44): 44.0
(14, 45): 45.0
(14, 46): 46.0
(14, 47): 47.0
(14, 48): 48.0
(14, 49): 49.0
(14, 50): 50.0
(14, 51): 51.0
(14, 52): 52.0
(14, 53): 53.0
(14, 54): 54.0
(14, 55): 55.0
(14, 56): 56.0
(14, 57): 57.0
(14, 58): 58.0
(14, 59): 59.0
(14, 60): 60.0
(14, 61): 61.0
(14, 62): 62.0
(14, 63): 63.0
(14, 64): 64.0
