0: 0.0
(1, 25): 24.09910922702586
(2, 22): 22.0
(2, 23): 23.0
(2, 24): 23.658432590539288
(2, 25): 24.17158269204604
(2, 26): 24.597418893364647
(2, 27): 24.96383164770124
(2, 28): 25.290574543967818
(3, 19): 19.0
(3, 20): 20.0
(3, 21): 21.0
(3, 22): 22.0
(3, 23): 23.0
(3, 24): 23.707912012192097
(3, 25): 24.24688873973073
(3, 26): 24.69761796488833
(3, 27): 25.08731969220458
(3, 28): 25.436649686898143
(3, 29): 25.758186223459504
(3, 30): 26.059917837579032
(3, 31): 26.34733352839451
(4, 16): 16.0
(4, 17): 17.0
(4, 18): 18.0
(4, 19): 19.0
(4, 20): 20.0
(4, 21): 21.0
(4, 22): 22.0
(4, 23): 23.0
(4, 24): 23.758744283870186
(4, 25): 24.32473697092338
(4, 26): 24.8020209190858
(4, 27): 25.21716103132698
(4, 28): 25.591695691997472
(4, 29): 25.938878477187387
(4, 30): 26.266885359031825
(4, 31): 26.581300356604213
(4, 32): 26.8859086834988
(4, 33): 27.18335719315248
(4, 34): 27.475543058219618
(5, 13): 13.0
(5, 14): 14.0
(5, 15): 15.0
(5, 16): 16.0
(5, 17): 17.0
(5, 18): 18.0
(5, 19): 19.0
(5, 20): 20.0
(5, 21): 21.0
(5, 22): 22.0
(5, 23): 23.0
(5, 24): 23.810445875794564
(5, 25): 24.404641355150392
(5, 26): 24.91037890107054
(5, 27): 25.353570226733595
(5, 28): 25.756546022710076
(5, 29): 26.133106340455797
(5, 30): 26.491487793152103
(5, 31): 26.83726636431192
(5, 32): 27.174164958947003
(5, 33): 27.5047561415838
(5, 34): 27.83086694360596
(5, 35): 28.15381050345379
(5, 36): 28.47454016922285
(5, 37): 28.793747373654963
(6, 10): 10.0
(6, 11): 11.0
(6, 12): 12.0
(6, 13): 13.0
(6, 14): 14.0
(6, 15): 15.0
(6, 16): 16.0
(6, 17): 17.0
(6, 18): 18.0
(6, 19): 19.0
(6, 20): 20.0
(6, 21): 21.0
(6, 22): 22.0
(6, 23): 23.0
(6, 24): 23.862228248922577
(6, 25): 24.48581861534685
(6, 26): 25.022277303867842
(6, 27): 25.496801825697688
(6, 28): 25.932280176645747
(6, 29): 26.342810321463777
(6, 30): 26.73650521493033
(6, 31): 27.118820813564376
(6, 32): 27.493365254728914
(6, 33): 27.86261261145426
(6, 34): 28.22829695692159
(6, 35): 28.591629084610116
(6, 36): 28.95344743834409
(6, 37): 29.314321229702774
(6, 38): 29.67462662818867
(6, 39): 30.034604566434393
(6, 40): 30.394403431328627
(7, 7): 7.0
(7, 8): 8.0
(7, 9): 9.0
(7, 10): 10.0
(7, 11): 11.0
(7, 12): 12.0
(7, 13): 13.0
(7, 14): 14.0
(7, 15): 15.0
(7, 16): 16.0
(7, 17): 17.0
(7, 18): 18.0
(7, 19): 19.0
(7, 20): 20.0
(7, 21): 21.0
(7, 22): 22.0
(7, 23): 23.0
(7, 24): 23.91275834554923
(7, 25): 24.56701762289678
(7, 26): 25.137115080255004
(7, 27): 25.64726077415913
(7, 28): 26.120372892244735
(7, 29): 26.5704438324634
(7, 30): 27.0052834118662
(7, 31): 27.430185022533323
(7, 32): 27.848644960863723
(7, 33): 28.263015843361785
(7, 34): 28.674874122344097
(7, 35): 29.085243341773452
(7, 36): 29.49476888537354
(7, 37): 29.903842044428288
(7, 38): 30.312688168950856
(7, 39): 30.72142930311107
(7, 40): 31.130126709406127
(7, 41): 31.538808239552356
(7, 42): 31.947485011828622
(7, 43): 32.35616073465856
(8, 4): 4.0
(8, 5): 5.0
(8, 6): 6.0
(8, 7): 7.0
(8, 8): 8.0
(8, 9): 9.0
(8, 10): 10.0
(8, 11): 11.0
(8, 12): 12.0
(8, 13): 13.0
(8, 14): 14.0
(8, 15): 15.0
(8, 16): 16.0
(8, 17): 17.0
(8, 18): 18.0
(8, 19): 19.0
(8, 20): 20.0
(8, 21): 21.0
(8, 22): 22.0
(8, 23): 23.0
(8, 24): 23.959560892409034
(8, 25): 24.646231487533772
(8, 26): 25.25422485191031
(8, 27): 25.80580467405199
(8, 28): 26.322883905616326
(8, 29): 26.81897255555105
(8, 30): 27.301684261695524
(8, 31): 27.776265795899466
(8, 32): 28.246064553836895
(8, 33): 28.71316096238388
(8, 34): 29.178815336774647
(8, 35): 29.643751081189652
(8, 36): 30.108357154838554
(8, 37): 30.57282749002511
(8, 38): 31.037249318305214
(8, 39): 31.501656854996714
(8, 40): 31.966061301759996
(8, 41): 32.430465388544
(8, 42): 32.894869475327994
(8, 43): 33.359273562111994
(8, 44): 33.82367764889598
(8, 45): 34.288081735679995
(8, 46): 34.752485822464
(9, 1): 1.0
(9, 2): 2.0
(9, 3): 3.0
(9, 4): 4.0
(9, 5): 5.0
(9, 6): 6.0
(9, 7): 7.0
(9, 8): 8.0
(9, 9): 9.0
(9, 10): 10.0
(9, 11): 11.0
(9, 12): 12.0
(9, 13): 13.0
(9, 14): 14.0
(9, 15): 15.0
(9, 16): 16.0
(9, 17): 17.0
(9, 18): 18.0
(9, 19): 19.0
(9, 20): 20.0
(9, 21): 21.0
(9, 22): 22.0
(9, 23): 23.0
(9, 24): 23.996904721538993
(9, 25): 24.720473690673852
(9, 26): 25.37382261645128
(9, 27): 25.97436285294231
(9, 28): 26.54225420117625
(9, 29): 27.091520275651575
(9, 30): 27.63013761368978
(9, 31): 28.162973316755203
(9, 32): 28.69290378316729
(9, 33): 29.22148194477419
(9, 34): 29.74949426025007
(9, 35): 30.2773024256321
(9, 36): 30.805049486310093
(9, 37): 31.3327830016
(9, 38): 31.860514918400003
(9, 39): 32.3882468352
(9, 40): 32.91597875199999
(9, 41): 33.44371066879999
(9, 42): 33.971442585599995
(9, 43): 34.499174502399995
(9, 44): 35.02690641920001
(9, 45): 35.55463833599999
(9, 46): 36.082370252800004
(9, 47): 36.61010216960006
(9, 48): 37.137834086735445
(9, 49): 37.66556600475156
(10, 0): 0.0
(10, 1): 1.0
(10, 2): 2.0
(10, 3): 3.0
(10, 4): 4.0
(10, 5): 5.0
(10, 6): 6.0
(10, 7): 7.0
(10, 8): 8.0
(10, 9): 9.0
(10, 10): 10.0
(10, 11): 11.0
(10, 12): 12.0
(10, 13): 13.0
(10, 14): 14.0
(10, 15): 15.0
(10, 16): 16.0
(10, 17): 17.0
(10, 18): 18.0
(10, 19): 19.0
(10, 20): 20.0
(10, 21): 21.0
(10, 22): 22.0
(10, 23): 23.0
(10, 24): 24.0
(10, 25): 24.79627548135386
(10, 26): 25.49872054591899
(10, 27): 26.15395816598293
(10, 28): 26.780249391367125
(10, 29): 27.39175723468918
(10, 30): 27.996244623085744
(10, 31): 28.597588215970234
(10, 32): 29.197754716797384
(10, 33): 29.79755140599802
(10, 34): 30.397258240000003
(10, 35): 30.9969536
(10, 36): 31.596648960000003
(10, 37): 32.19634432
(10, 38): 32.79603967999999
(10, 39): 33.39573504
(10, 40): 33.9954304
(10, 41): 34.59512576
(10, 42): 35.19482112
(10, 43): 35.79451648
(10, 44): 36.39421184
(10, 45): 36.993907199999995
(10, 46): 37.593602559999994
(10, 47): 38.193297920000084
(10, 48): 38.7929932803812
(10, 49): 39.39268864176314
(10, 50): 39.99238400000011
(10, 51): 40.67385600043317
(10, 52): 41.355328002003546
(11, 0): 0.0
(11, 1): 1.0
(11, 2): 2.0
(11, 3): 3.0
(11, 4): 4.0
(11, 5): 5.0
(11, 6): 6.0
(11, 7): 7.0
(11, 8): 8.0
(11, 9): 9.0
(11, 10): 10.0
(11, 11): 11.0
(11, 12): 12.0
(11, 13): 13.0
(11, 14): 14.0
(11, 15): 15.0
(11, 16): 16.0
(11, 17): 17.0
(11, 18): 18.0
(11, 19): 19.0
(11, 20): 20.0
(11, 21): 21.0
(11, 22): 22.0
(11, 23): 23.0
(11, 24): 24.0
(11, 25): 24.87220118279512
(11, 26): 25.627431954753806
(11, 27): 26.34448278582364
(11, 28): 27.03923111449592
(11, 29): 27.724715014067353
(11, 30): 28.40722118023423
(11, 31): 29.088832
(11, 32): 29.770304000000007
(11, 33): 30.451776000000002
(11, 34): 31.133248
(11, 35): 31.814719999999998
(11, 36): 32.496192
(11, 37): 33.177664
(11, 38): 33.859136
(11, 39): 34.540608
(11, 40): 35.22208
(11, 41): 35.903552
(11, 42): 36.585024000000004
(11, 43): 37.266496000000004
(11, 44): 37.947968
(11, 45): 38.629439999999995
(11, 46): 39.310912
(11, 47): 39.99238400000011
(11, 48): 40.67385600043317
(11, 49): 41.355328002003546
(11, 50): 42.036799999999985
(11, 51): 42.811200000491525
(11, 52): 43.585600002273274
(11, 53): 44.36
(11, 54): 45.24
(11, 55): 46.120000000000005
(12, 0): 0.0
(12, 1): 1.0
(12, 2): 2.0
(12, 3): 3.0
(12, 4): 4.0
(12, 5): 5.0
(12, 6): 6.0
(12, 7): 7.0
(12, 8): 8.0
(12, 9): 9.0
(12, 10): 10.0
(12, 11): 11.0
(12, 12): 12.0
(12, 13): 13.0
(12, 14): 14.0
(12, 15): 15.0
(12, 16): 16.0
(12, 17): 17.0
(12, 18): 18.0
(12, 19): 19.0
(12, 20): 20.0
(12, 21): 21.0
(12, 22): 22.0
(12, 23): 23.0
(12, 24): 24.0
(12, 25): 24.94375
(12, 26): 25.756515202334718
(12, 27): 26.545824610644473
(12, 28): 27.323199999999996
(12, 29): 28.097599999999996
(12, 30): 28.872
(12, 31): 29.6464
(12, 32): 30.420800000000007
(12, 33): 31.195200000000007
(12, 34): 31.969599999999996
(12, 35): 32.74399999999999
(12, 36): 33.5184
(12, 37): 34.2928
(12, 38): 35.0672
(12, 39): 35.84160000000001
(12, 40): 36.61600000000001
(12, 41): 37.3904
(12, 42): 38.1648
(12, 43): 38.93919999999999
(12, 44): 39.71360000000001
(12, 45): 40.488
(12, 46): 41.2624
(12, 47): 42.036799999999985
(12, 48): 42.811200000491525
(12, 49): 43.585600002273274
(12, 50): 44.36
(12, 51): 45.24
(12, 52): 46.120000000000005
(12, 53): 47.0
(12, 54): 48.0
(12, 55): 49.0
(12, 56): 50.0
(12, 57): 51.0
(12, 58): 52.0
(13, 0): 0.0
(13, 1): 1.0
(13, 2): 2.0
(13, 3): 3.0
(13, 4): 4.0
(13, 5): 5.0
(13, 6): 6.0
(13, 7): 7.0
(13, 8): 8.0
(13, 9): 9.0
(13, 10): 10.0
(13, 11): 11.0
(13, 12): 12.0
(13, 13): 13.0
(13, 14): 14.0
(13, 15): 15.0
(13, 16): 16.0
(13, 17): 17.0
(13, 18): 18.0
(13, 19): 19.0
(13, 20): 20.0
(13, 21): 21.0
(13, 22): 22.0
(13, 23): 23.0
(13, 24): 24.0
(13, 25): 25.0
(13, 26): 25.88
(13, 27): 26.759999999999994
(13, 28): 27.64
(13, 29): 28.52
(13, 30): 29.400000000000002
(13, 31): 30.28
(13, 32): 31.160000000000004
(13, 33): 32.04
(13, 34): 32.919999999999995
(13, 35): 33.8
(13, 36): 34.68000000000001
(13, 37): 35.56
(13, 38): 36.44
(13, 39): 37.32000000000001
(13, 40): 38.199999999999996
(13, 41): 39.08
(13, 42): 39.96000000000001
(13, 43): 40.839999999999996
(13, 44): 41.72
(13, 45): 42.6
(13, 46): 43.47999999999999
(13, 47): 44.36
(13, 48): 45.24
(13, 49): 46.120000000000005
(13, 50): 47.0
(13, 51): 48.0
(13, 52): 49.0
(13, 53): 50.0
(13, 54): 51.0
(13, 55): 52.0
(13, 56): 53.0
(13, 57): 54.0
(13, 58): 55.0
(13, 59): 56.0
(13, 60): 57.0
(13, 61): 58.0
(14, 0): 0.0
(14, 1): 1.0
(14, 2): 2.0
(14, 3): 3.0
(14, 4): 4.0
(14, 5): 5.0
(14, 6): 6.0
(14, 7): 7.0
(14, 8): 8.0
(14, 9): 9.0
(14, 10): 10.0
(14, 11): 11.0
(14, 12): 12.0
(14, 13): 13.0
(14, 14): 14.0
(14, 15): 15.0
(14, 16): 16.0
(14, 17): 17.0
(14, 18): 18.0
(14, 19): 19.0
(14, 20): 20.0
(14, 21): 21.0
(14, 22): 22.0
(14, 23): 23.0
(14, 24): 24.0
(14, 25): 25.0
(14, 26): 26.0
(14, 27): 27.0
(14, 28): 28.0
(14, 29): 29.0
(14, 30): 30.0
(14, 31): 31.0
(14, 32): 32.0
(14, 33): 33.0
(14, 34): 34.0
(14, 35): 35.0
(14, 36): 36.0
(14, 37): 37.0
(14, 38): 38.0
(14, 39): 39.0
(14, 40): 40.0
(14, 41): 41.0
(14, 42): 42.0
(14, 43): 43.0
(14, 44): 44.0
(14, 45): 45.0
(14, 46): 46.0
(14, 47): 47.0
(14, 48): 48.0
(14, 49): 49.0
(14, 50): 50.0
(14, 51): 51.0
(14, 52): 52.0
(14, 53): 53.0
(14, 54): 54.0
(14, 55): 55.0
(14, 56): 56.0
(14, 57): 57.0
(14, 58): 58.0
(14, 59): 59.0
(14, 60): 60.0
(14, 61): 61.0
(14, 62): 62.0
(14, 63): 63.0
(14, 64): 64.0
