0: 0.0
(1, 20): 19.390081122980604
(2, 16): 16.0
(2, 17): 17.0
(2, 18): 18.0
(2, 19): 18.939929899435914
(2, 20): 19.512887675270612
(2, 21): 20.011332060861555
(2, 22): 20.451508415750837
(2, 23): 20.852214607308596
(2, 24): 21.228007937940355
(3, 12): 12.0
(3, 13): 13.0
(3, 14): 14.0
(3, 15): 15.0
(3, 16): 16.0
(3, 17): 17.0
(3, 18): 18.0
(3, 19): 19.0
(3, 20): 19.63308824761905
(3, 21): 20.19064326947022
(3, 22): 20.693982059117456
(3, 23): 21.1593024535356
(3, 24): 21.60112716203831
(3, 25): 22.02910724394587
(3, 26): 22.448722478401187
(3, 27): 22.86338060756564
(3, 28): 23.275342289886368
(4, 8): 8.0
(4, 9): 9.0
(4, 10): 10.0
(4, 11): 11.0
(4, 12): 12.0
(4, 13): 13.0
(4, 14): 14.0
(4, 15): 15.0
(4, 16): 16.0
(4, 17): 17.0
(4, 18): 18.0
(4, 19): 19.0
(4, 20): 19.76137784710418
(4, 21): 20.38624887464409
(4, 22): 20.96492883787876
(4, 23): 21.51098362182635
(4, 24): 22.038328677899656
(4, 25): 22.556754093888728
(4, 26): 23.071215952780143
(4, 27): 23.583897008131846
(4, 28): 24.095999999999997
(4, 29): 24.607999999999997
(4, 30): 25.12
(4, 31): 25.631999999999998
(4, 32): 26.144
(5, 4): 4.0
(5, 5): 5.0
(5, 6): 6.0
(5, 7): 7.0
(5, 8): 8.0
(5, 9): 9.0
(5, 10): 10.0
(5, 11): 11.0
(5, 12): 12.0
(5, 13): 13.0
(5, 14): 14.0
(5, 15): 15.0
(5, 16): 16.0
(5, 17): 17.0
(5, 18): 18.0
(5, 19): 19.0
(5, 20): 19.890624999999996
(5, 21): 20.593371476879426
(5, 22): 21.265689108796874
(5, 23): 21.91761013838864
(5, 24): 22.56
(5, 25): 23.2
(5, 26): 23.84
(5, 27): 24.48
(5, 28): 25.12
(5, 29): 25.76
(5, 30): 26.4
(5, 31): 27.039999999999996
(5, 32): 27.68
(5, 33): 28.32
(5, 34): 28.959999999999994
(5, 35): 29.59999999999999
(5, 36): 30.24
(6, 0): 0.0
(6, 1): 1.0
(6, 2): 2.0
(6, 3): 3.0
(6, 4): 4.0
(6, 5): 5.0
(6, 6): 6.0
(6, 7): 7.0
(6, 8): 8.0
(6, 9): 9.0
(6, 10): 10.0
(6, 11): 11.0
(6, 12): 12.0
(6, 13): 13.0
(6, 14): 14.0
(6, 15): 15.0
(6, 16): 16.0
(6, 17): 17.0
(6, 18): 18.0
(6, 19): 19.0
(6, 20): 20.0
(6, 21): 20.799999999999997
(6, 22): 21.6
(6, 23): 22.400000000000002
(6, 24): 23.2
(6, 25): 24.0
(6, 26): 24.8
(6, 27): 25.6
(6, 28): 26.4
(6, 29): 27.199999999999996
(6, 30): 28.0
(6, 31): 28.799999999999994
(6, 32): 29.599999999999998
(6, 33): 30.4
(6, 34): 31.2
(6, 35): 32.0
(6, 36): 32.800000000000004
(6, 37): 33.599999999999994
(6, 38): 34.39999999999999
(6, 39): 35.19999999999999
(6, 40): 36.0
(7, 0): 0.0
(7, 1): 1.0
(7, 2): 2.0
(7, 3): 3.0
(7, 4): 4.0
(7, 5): 5.0
(7, 6): 6.0
(7, 7): 7.0
(7, 8): 8.0
(7, 9): 9.0
(7, 10): 10.0
(7, 11): 11.0
(7, 12): 12.0
(7, 13): 13.0
(7, 14): 14.0
(7, 15): 15.0
(7, 16): 16.0
(7, 17): 17.0
(7, 18): 18.0
(7, 19): 19.0
(7, 20): 20.0
(7, 21): 21.0
(7, 22): 22.0
(7, 23): 23.0
(7, 24): 24.0
(7, 25): 25.0
(7, 26): 26.0
(7, 27): 27.0
(7, 28): 28.0
(7, 29): 29.0
(7, 30): 30.0
(7, 31): 31.0
(7, 32): 32.0
(7, 33): 33.0
(7, 34): 34.0
(7, 35): 35.0
(7, 36): 36.0
(7, 37): 37.0
(7, 38): 38.0
(7, 39): 39.0
(7, 40): 40.0
(7, 41): 41.0
(7, 42): 42.0
(7, 43): 43.0
(7, 44): 44.0
